--- FULL TEXT BLOCK ---
Sold Time ()
Flux Press (pa)
The
Face 4th intervalNaForce 5th intervalsFeece @ith interval(Nasce 7th interval(as av force 1-7)
140
1.74
191
132
147
131
143
230
217
236
343
27
221
MIX
138
1.38
212
229
179
$78
149
131
172
267
310
30
212
217
AM
149
20
294
131
1.91
1.49
1.34
121
182
112
137
327
221
-
LET
196
2.36
237
141
199
201
172
234
3.74
134
134
214
204
41
241
144
133
133
834
ww
2.43
100
100
112
161
111
161
1.33
141
234
250
3.00
347
104
309
130
136
211
107
1.76
134
1.31
LMT
149
8.58
217
2.75
1.56
1.34
340
333
AN
280
214
MO
251
233
14
137
229
1
134
136
136
171
134
291
1.90
149
244
291
2.71
238
201
237
174
310
341
199
340
8638
239
N
14
39
1.79
14
8.34
211
13
225
245
204
1.90

--- INDIVIDUAL WORDS (Total: 166) ---
Sold
Time
(
)
Flux
Press
(
pa
)
The
Face
4th
intervalNaForce
5th
intervalsFeece
@ith
interval
(
Nasce
7th
interval
(
as
av
force
1-7
)
140
1.74
191
132
147
131
143
230
217
236
343
27
221
MIX
138
1.38
212
229
179
$
78
149
131
172
267
310
30
212
217
AM
149
20
294
131
1.91
1.49
1.34
121
182
112
137
327
221
-
LET
196
2.36
237
141
199
201
172
234
3.74
134
134
214
204
41
241
144
133
133
834
ww
2.43
100
100
112
161
111
161
1.33
141
234
250
3.00
347
104
309
130
136
211
107
1.76
134
1.31
LMT
149
8.58
217
2.75
1.56
1.34
340
333
AN
280
214
MO
251
233
14
137
229
1
134
136
136
171
134
291
1.90
149
244
291
2.71
238
201
237
174
310
341
199
340
8638
239
N
14
39
1.79
14
8.34
211
13
225
245
204
1.90