Extracted 16 rows.
Row 1: [140.0, 1.74, 191.0, 132.0, 147.0, 131.0, 0.0]
Row 2: [1.38, 230.0, 217.0, 236.0, 343.0, 27.0, 221.0]
Row 3: [212.0, 267.0, 229.0, 310.0, 179.0, 78.0, 149.0]
Row 4: [20.0, 294.0, 131.0, 30.0, 1.91, 212.0, 217.0]
Row 5: [182.0, 112.0, 137.0, 327.0, 221.0, 1.49, 1.34]
Row 6: [234.0, 196.0, 2.36, 237.0, 141.0, 199.0, 201.0]
Row 7: [241.0, 144.0, 3.74, 134.0, 134.0, 214.0, 204.0]
Row 8: [100.0, 112.0, 161.0, 133.0, 133.0, 834.0, 2.43]
Row 9: [141.0, 234.0, 250.0, 3.0, 111.0, 161.0, 1.33]
Row 10: [136.0, 211.0, 107.0, 1.76, 347.0, 104.0, 309.0]
Row 11: [8.58, 217.0, 2.75, 134.0, 1.56, 1.31, 149.0]
Row 12: [134.0, 251.0, 233.0, 340.0, 137.0, 229.0, 333.0]
Row 13: [149.0, 244.0, 136.0, 291.0, 136.0, 171.0, 1.9]
Row 14: [8638.0, 174.0, 310.0, 341.0, 2.71, 340.0, 237.0]
Row 15: [39.0, 14.0, 211.0, 14.0, 1.79, 8.34, 239.0]
Row 16: [225.0, 245.0, 204.0, 13.0, 1.9, 0.0, 0.0]
Category: None
