Extracted 16 rows.
Row 1: [1.0, 0.298, 0.646, 0.902, 1.135, 1.771, 2.671]
Row 2: [2.0, 0.448, 0.492, 1.131, 1.333, 1.197, 1.349]
Row 3: [1028.0, 3.0, 0.864, 1.495, 1.617, 2.175, 3.482]
Row 4: [1028.0, 4.0, 1.086, 1.668, 2.479, 3.306, 2.158]
Row 5: [1028.0, 5.0, 0.638, 0.255, 0.055, 2.429, 2.301]
Row 6: [0.698, 0.964, 0.469, 2.983, 1.795, 1.094, 3.533]
Row 7: [1028.0, 7.0, 0.447, 1.221, 0.821, 1.552, 2.376]
Row 8: [8.0, 0.715, 1.145, 1.246, 2.112, 1.371, 1.285]
Row 9: [9.0, 0.454, 0.27, 0.491, 1.142, 0.903, 0.804]
Row 10: [1028.0, 10.0, 0.529, 0.716, 1.322, 1.643, 1.342]
Row 11: [11.0, 0.416, 0.758, 0.989, 0.438, 0.236, 1.37]
Row 12: [1028.0, 13.0, 0.385, 0.915, 1.136, 1.204, 1.987]
Row 13: [0.432, 0.744, 0.922, 2.335, 1.257, 1.273, 1.886]
Row 14: [40.0, 1028.0, 15.0, 0.606, 0.523, 0.882, 0.082]
Row 15: [1.086, 0.082, 1.668, 2.479, 0.055, 3.306, 1.04]
Row 16: [0.581, 0.808, 1.017, 1.835, 1.741, 1.708, 2.297]
Category: None
