Extracted 16 rows.
Row 1: [0.646, 0.902, 1.135, 1.771, 2.671, 2.797, 1.46]
Row 2: [0.492, 1.131, 1.333, 1.197, 1.349, 1.51, 1.066]
Row 3: [1.495, 1.617, 2.175, 3.482, 2.034, 2.086, 1.965]
Row 4: [1.668, 2.479, 3.306, 2.158, 1.915, 2.66, 2.182]
Row 5: [0.255, 0.055, 2.429, 2.301, 2.301, 2.724, 1.529]
Row 6: [0.964, 0.469, 2.983, 1.795, 1.094, 3.533, 1.648]
Row 7: [1.221, 0.821, 1.552, 2.376, 1.823, 2.051, 1.47]
Row 8: [1.145, 1.246, 2.112, 1.371, 1.285, 2.048, 1.418]
Row 9: [0.27, 0.491, 1.142, 0.903, 0.804, 1.742, 0.829]
Row 10: [0.716, 1.322, 1.643, 1.342, 1.455, 2.639, 1.378]
Row 11: [0.898, 2.217, 1.354, 2.589, 1.846, 1.051, 1.607]
Row 12: [0.915, 1.136, 1.204, 1.987, 2.137, 2.165, 1.419]
Row 13: [0.744, 0.922, 2.335, 1.257, 1.273, 1.886, 1.264]
Row 14: [1.574, 1.256, 2.366, 2.061, 2.409, 1.141, 1.4]
Row 15: [0.898, 2.671, 0.804, 3.533, 1.51, 2.182, 0.829]
Row 16: [0.808, 1.017, 1.835, 1.741, 1.708, 2.297, 1.427]
Category: None
