Extracted 16 rows.
Row 1: [0.298, 0.646, 0.902, 1.135, 1.771, 2.671, 2.797]
Row 2: [0.448, 0.492, 1.131, 1.333, 1.197, 1.349, 1.51]
Row 3: [0.864, 1.495, 1.617, 2.175, 3.482, 2.034, 2.086]
Row 4: [1.086, 1.668, 2.479, 3.306, 2.158, 1.915, 2.66]
Row 5: [0.638, 0.255, 0.055, 2.429, 2.301, 2.301, 2.724]
Row 6: [0.698, 0.964, 0.469, 2.983, 1.795, 1.094, 3.533]
Row 7: [0.447, 1.221, 0.821, 1.552, 2.376, 1.823, 2.051]
Row 8: [0.715, 1.145, 1.246, 2.112, 1.371, 1.285, 2.048]
Row 9: [0.454, 0.27, 0.491, 1.142, 0.903, 0.804, 1.742]
Row 10: [0.529, 0.716, 1.322, 1.643, 1.342, 1.455, 2.639]
Row 11: [0.416, 0.989, 1.37, 1.296, 2.373, 2.217, 2.589]
Row 12: [0.758, 0.438, 0.236, 1.829, 0.898, 1.354, 1.846]
Row 13: [0.385, 0.915, 1.136, 1.204, 1.987, 2.137, 2.165]
Row 14: [0.432, 0.744, 0.922, 2.335, 1.257, 1.273, 1.886]
Row 15: [0.523, 0.882, 1.155, 1.04, 1.068, 1.256, 2.061]
Row 16: [0.606, 0.082, 0.918, 1.844, 1.574, 2.366, 2.409]
Category: None
